(1038.12109375, 748.27734375)
2.114851236343384
(1046.25390625, 355.66796875)
2.326073169708252
(396.3828125, 738.53515625)
3.0271999835968018
(560.7734375, 704.0703125)
2.0273761749267578
(734.38671875, 666.0546875)
18.056572914123535
(1336.91015625, 746.515625)
1.42311692237854
(742.32421875, 346.5078125)
1.4068689346313477
(644.109375, 443.1796875)
4.330089807510376
(1011.68359375, 738.18359375)
1.2515251636505127
(698.85546875, 666.84375)
2.548332929611206
(1328.21484375, 766.82421875)
1.4465489387512207
(1070.29296875, 363.00390625)
1.6942391395568848
(664.125, 471.08203125)
1.8615343570709229
(313.5546875, 490.45703125)
1.1286342144012451
(1066.5546875, 754.22265625)
1.2768750190734863
(1188.75390625, 737.30078125)
1.4932808876037598
(752.39453125, 679.15625)
1.5019829273223877
(718.4765625, 465.36328125)
2.0779812335968018
(903.265625, 754.921875)
1.2452528476715088
(551.828125, 587.6875)
1.0519380569458008
(713.50390625, 487.26171875)
1.8598909378051758
(735.03125, 694.08984375)
2
(730.70703125, 692.02734375)
2
(730.70703125, 692.02734375)
2
(708.91796875, 468.52734375)
2
(990.80078125, 727.8828125)
1.141036033630371
(423.63671875, 190.0859375)
1.3471958637237549
name
2
(1059.1796875, 494.0)
2.05904221534729
(1203.10546875, 191.80859375)
1.2534072399139404
(725.8125, 668.359375)
2.72756290435791
(739.5546875, 661.5546875)
1.4411749839782715
(1332.96484375, 730.15625)
1.2696521282196045
(1124.02734375, 340.30859375)
1.9118618965148926
(327.05078125, 530.39453125)
1.7587368488311768
(1012.6953125, 749.625)
0.9893050193786621
(1213.30078125, 755.1328125)
1.5060582160949707
(694.58984375, 688.8671875)
1.321418046951294
(698.01171875, 475.828125)
1.6039199829101562
(1229.2578125, 728.8203125)
1.3547978401184082
(571.9453125, 675.2265625)
1.2981302738189697
(721.69140625, 674.67578125)
3.3139421939849854
(714.55859375, 475.75390625)
1.924630880355835
(730.2421875, 730.796875)
1.2659649848937988
(358.75390625, 512.31640625)
2.354508876800537
(901.45703125, 742.859375)
0.8376069068908691
(727.3671875, 665.1015625)
1.6290059089660645
(769.61328125, 454.515625)
1.2967522144317627
(849.359375, 773.36328125)
1.0050110816955566
(672.32421875, 695.65234375)
0.8071248531341553
(574.1640625, 588.12890625)
1.0482559204101562
(689.2890625, 468.90625)
1.8811240196228027
(747.98828125, 688.96484375)
0.8561642169952393
(747.98828125, 688.96484375)
0.5415928363800049
(747.98828125, 688.96484375)
1.2237720489501953
(742.8828125, 674.1484375)
1.6701250076293945
(1363.5, 766.3203125)
1.2768921852111816
(1363.5, 766.3203125)
1.088737964630127
(760.703125, 567.94140625)
1.5801591873168945
(267.38671875, 504.98828125)
1.4608259201049805
(1016.46484375, 742.953125)
1.0509178638458252
(1160.75, 742.171875)
1.6124091148376465
(720.40625, 677.37109375)
1.3577547073364258
(717.89453125, 749.8828125)
1.328779697418213
(1099.18359375, 675.72265625)
1.2448291778564453
(902.765625, 768.94140625)
1.1102421283721924
(600.2890625, 662.02734375)
0.7029008865356445
(705.33984375, 666.66015625)
1.267096757888794
(795.09375, 675.69921875)
1.423414707183838
(700.87109375, 438.80859375)
2.3
(1026.6171875, 766.7109375)
3.2400550842285156
(652.5234375, 741.73046875)
1.0109319686889648
(652.5234375, 741.73046875)
0.25118207931518555
(652.5234375, 741.73046875)
0.2414560317993164
(656.3828125, 740.90234375)
0.26339101791381836
(1193.78515625, 162.77734375)
1.2820231914520264
(745.765625, 687.57421875)
1.3931477069854736
(755.79296875, 674.5390625)
2.2181589603424072
(1212.30859375, 728.7265625)
1.6270420551300049
(726.265625, 168.0625)
1.2902770042419434
(1004.9140625, 440.76953125)
0.8356127738952637
(1212.16796875, 127.01953125)
1.982339859008789
(736.8515625, 674.953125)
1.4501147270202637
(735.76171875, 684.07421875)
1.8365890979766846
(694.79296875, 503.28515625)
1.458508014678955
(1329.109375, 767.91796875)
1.2460558414459229
(1337.3515625, 757.0078125)
1.5550572872161865
(598.44921875, 689.515625)
0.9443168640136719
(747.5078125, 671.0546875)
1.2857160568237305
(737.93359375, 677.58984375)
1.4465441703796387
(1159.8046875, 769.515625)
1.2130577564239502
(551.515625, 193.62109375)
1.2860891819000244
(1150.01953125, 329.6875)
0.7709429264068604
(726.1640625, 661.765625)
2.170109987258911
(1321.953125, 729.578125)
1.4261541366577148
(739.54296875, 604.734375)
1.5722391605377197
(760.9765625, 508.42578125)
1.6234500408172607
(1035.12109375, 748.2421875)
1.19954514503479
(1179.796875, 755.30859375)
1.6079387664794922
(735.203125, 670.11328125)
1.612438678741455
(1170.59765625, 759.60546875)
1.7888810634613037
(595.234375, 689.4765625)
1.2504570484161377
(742.94921875, 667.109375)
1.4663550853729248
(804.8984375, 584.9296875)
3.8381049633026123
(701.8984375, 548.2265625)
1.6213502883911133
(718.15234375, 664.890625)
2.004272937774658
(1164.921875, 148.2734375)
1.209773063659668
(1157.69140625, 737.03515625)
0.9920802116394043
(353.65625, 743.2109375)
2.290987968444824
(993.953125, 476.91015625)
2.8276278972625732
(939.640625, 387.46875)
1.278465986251831
id
2
(1036.9609375, 491.18359375)
3.2814648151397705
(718.375, 484.328125)
1.2174420356750488
(729.47265625, 676.7734375)
3.1444242000579834
(1142.0703125, 197.8359375)
1.231438159942627
(1219.65234375, 124.15234375)
2.4643759727478027
(1000.69140625, 737.03515625)
0.9920802116394043
(400, 150)
1
parkname
1
(1036.9609375, 491.18359375)
3.2814648151397705
(1200.0703125, 100.8359375)
1.231438159942627
(800, 690)
2
